0
0.005450108
0.010900864
0.016352915
0.021806913
0.027263508
0.032723356
0.038187114
0.043655444
0.049129016
0.0546085
0.060094578
0.065587935
0.071089266
0.076599277
0.082118679
0.087648199
0.09318857
0.098740543
0.104304879
0.109882356
0.115473765
0.121079917
0.12670164
0.13233978
0.137995205
0.143668807
0.149361499
0.155074221
0.16080794
0.166563651
0.172342382
0.178145192
0.183973177
0.189827469
0.195709242
0.201619711
0.207560141
0.213531843
0.219536181
0.225574578
0.231648515
0.23775954
0.243909272
0.250099404
0.256331711
0.262608056
0.268930396
0.275300792
0.281721415
0.288194557
0.294722641
0.301308233
0.307954052
0.314662992
0.321438128
0.328282742
0.335200341
0.342194678
0.349269784
0.356429989
0.363679965
0.37102476
0.378469845
0.386021168
0.393685209
0.40146906
0.409380502
0.417428108
0.425621361
0.433970794
0.442488167
0.451186675
0.460081204
0.46918866
0.478528366
0.488122589
0.497997195
0.508182537
0.518714612
0.529636662
0.541001385
0.552874118
0.565337525
0.578498798
0.592501234
0.607543934
0.623917937
0.642079465
0.662821246
0.687775232
